-64 -1048549
-63 -1048440
-62 -1048220
-61 -1047887
-60 -1047439
-59 -1046874
-58 -1046189
-57 -1045382
-56 -1044452
-55 -1043395
-54 -1042209
-53 -1040893
-52 -1039443
-51 -1037857
-50 -1036133
-49 -1034269
-48 -1032260
-47 -1030106
-46 -1027803
-45 -1025349
-44 -1022741 
-43 -1019976
-42 -1017052
-41 -1013965
-40 -1010713
-39 -1007293
-38 -1003702
-37 -999937
-36 -995995
-35 -991873
-34 -987567
-33 -983075
-32 -978394
-31 -973519
-30 -968448
-29 -963178
-28 -957705
-27 -952025
-26 -946135
-25 -940032
-24 -933712
-23 -927171
-22 -920405
-21 -913412
-20 -906186
-19 -898724
-18 -891023
-17 -883078
-16 -874885
-15 -866440
-14 -857739
-13 -848778
-12 -839552
-11 -830058
-10 -820290
-9 -810245
-8 -799917
-7 -789303
-6 -778397
-5 -767195
-4 -755692
-3 -743883
-2 -731764
-1 -719329
0 -706573
1 -693492
2 -680079
3 -666330
4 -652240
5 -637803
6 -623013
7 -607865
8 -592353
9 -576472
10 -560216
11 -543578
12 -526553
13 -509136
14 -491319
15 -473096
16 -454462
17 -435410
18 -415933
19 -396024
20 -375678
21 -354887
22 -333645
23 -311944
24 -289778
25 -267139
26 -244021
27 -220415
28 -196315
29 -171712
30 -146600
31 -120970
32 -94815
33 -68126
34 -40896
35 -13117
36 15221
37 44125
38 73603
39 103665
40 134320
41 165575
42 197441
43 229925
44 263038
45 296789
46 331188
47 366243
48 401965
49 438364
50 475450
51 513232
52 551721
53 590929
54 630864
55 671538
56 712962
57 755147
58 798104
59 841845
60 886380
61 931722
62 977882
63 1024872