-64 58348
-63 48794
-62 43108
-61 39207
-60 36249
-59 33866
-58 31870
-57 30151
-56 28643
-55 27298
-54 26083
-53 24977
-52 23959
-51 23018
-50 22141
-49 21321
-48 20551
-47 19824
-46 19136
-45 18483
-44 17862
-43 17269
-42 16702
-41 16159
-40 15638
-39 15136
-38 14654
-37 14189
-36 13740
-35 13305
-34 12885
-33 12479
-32 12084
-31 11702
-30 11330
-29 10969
-28 10618
-27 10277
-26 9944
-25 9620
-24 9305
-23 8997
-22 8697
-21 8404
-20 8118
-19 7839
-18 7566
-17 7300
-16 7039
-15 6785
-14 6536
-13 6293
-12 6055
-11 5822
-10 5594
-9 5372
-8 5154
-7 4941
-6 4733
-5 4529
-4 4330
-3 4135
-2 3944
-1 3758
0 3577
1 3399
2 3226
3 3056
4 2891
5 2730
6 2573
7 2420
8 2271
9 2127
10 1986
11 1849
12 1717
13 1589
14 1465
15 1345
16 1229
17 1118
18 1012
19 909
20 812
21 719
22 631
23 548
24 469
25 397
26 329
27 267
28 211
29 161
30 117
31 79
32 49
33 25
34 9
35 1 
36 1
37 10
38 29
39 58
40 98
41 149
42 213
43 291
44 384
45 493
46 621
47 769
48 939
49 1135
50 1360
51 1618
52 1915
53 2258
54 2655
55 3119
56 3667
57 4320
58 5117
59 6113
60 7409
61 9209
62 12043
63 18365