65535
65511
65473
65410
65373
65334
65327
65275
65190
65061
64960
64877
64757
64630
64507
64360
64213
64046
63895
63742
63543
63295
63039
62822
62612
62362
62126
61871
61590
61324
61035
60741
60459
60164
59833
59480
59115
58769
58480
58156
57761
57375
56987
56627
56264
55858
55444
55039
54624
54228
53801
53353
52920
52486
52078
51634
51170
50719
50270
49804
49347
48886
48401
47936
47488
46995
46495
45990
45506
45001
44512
44027
43521
43028
42550
42058
41547
41062
40574
40078
39573
39081
38617
38131
37608
37103
36593
36087
35592
35117
34646
34181
33714
33230
32706
32202
31717
31266
30807
30322
29854
29392
28936
28480
28012
27559
27107
26657
26207
25751
25322
24911
24479
24033
23589
23169
22766
22365
21958
21545
21146
20762
20361
19959
19590
19238
18864
18484
18123
17772
17431
17084
16723
16380
16045
15705
15388
15062
14730
14425
14130
13835
13533
13243
12956
12663
12372
12107
11841
11564
11296
11033
10776
10518
10278
10050
9813
9585
9354
9123
8905
8696
8487
8279
8063
7839
7642
7476
7301
7112
6933
6755
6577
6403
6226
6059
5905
5761
5611
5457
5310
5163
5022
4885
4753
4627
4498
4373
4251
4128
4009
3900
3798
3689
3581
3477
3376
3271
3177
3095
3006
2915
2831
2754
2679
2595
2512
2428
2351
2287
2223
2154
2086
2020
1954
1889
1833
1778
1723
1673
1625
1570
1514
1468
1422
1375
1327
1285
1247
1211
1171
1133
1094
1053
1021
993
961
926
897
867
836
804
772
747
727
706
684
663
643
622
600
577
555
536
518
502
484
465
447
432
417
404
390
377
364
352
340
329
319
308
295
285
277
268
258
248
239
230
222
215
209
202
193
186
181
176
170
164
160
153
145
142
138
133
127
123
120
116
111
107
104
100
96
94
92
88
85
83
82
80
77
75
73
70
66
64
63
61
59
57
54
53
52
51
50
49
47
45
44
42
42
40
39
37
36
35
34
33
32
31
30
30
29
28
27
27
26
25
25
25
25
24
23
22
22
21
21
20
20
19
18
18
18
17
17
16
16
16
16
16
16
16
15
14
14
14
14
14
13
13
12
12
12
12
12
12
11
11
11
11
10
10
10
10
10
10
9
9
9
9
9
9
9
9
9
8
8
8
8
8
7
7
7
7
7
7
7
7
7
7
7
6
6
6
6
6
6
6
6
6
6
6
5
5
5
5
5
5
5
5
5
5
5
5
5
5
5
5
